93 student records were processed.
Here is the accumulated data in the vector studentData:

  1   88   84   94   93
  2   83  100
  3   70   67   65   74
  4   58   60   51
  5   98   91
  6   91   75   83   83   76
  7   53   63
  8   70   76
  9   66   78   62   61
 10   74   90   86
 11   93   90   89   83
 12   92   76
 13   97   89   83   86   96
 14   86   96
 15   81   95
 16   49   58   46   61
 17   70   83
 18   84   67   75   99   89
 19   77   64   65   93   78
 20   55   58   61   57
 21   93   96
 22   63   75
 23   86   71
 24   84   69   87
 25   54   56   50   49   58
 26   76   67   78
 27   51   57   48   46   59
 28   77   73   83
 29   53   55   58
 30   64   54   49
 31   75   90   89
 32   83   82   71   94
 33   87   75   95   70
 34   98   96   83   91
 35   73   77   66
 36   75   63
 37   81   75   81
 38   50   62   56   53
 39   56   59   72   60   49
 40   67   82   67   83   55
 41   87   73   94   78   91
 42   77   71   77   81
 43   62   79   54
 44   82   71   85
 45   86   70   82   99   72
 46   61   66   68
 47   64   77   68   53   49
 48   88   74   81
 49   62   60   50   46
 50   83   79   88   92   87
 51   85   81  100
 52   71   57   69   78
 53   99   82   88   82   84
 54   56   67   71   66   65
 55   52   50   59   61
 56   83   90   85
 57   57   48   74   54   48
 58  100   96   93
 59   69   78   82   65
 60   73   88   81   67
 61   52   58
 62   81   94   69
 63   75   86   80
 64   77   78   76   84
 65   73   79   76
 66   96   98   93
 67   95   79
 68   70   68   87
 69   94   87   79   94
 70   67   52   70   63   62
 71   93   81
 72   66   55   52
 73   57   64   53   61   65
 74   95   97   89   80  100
 75   77   88   68
 76   58   52
 77   63   54   47   70
 78   82   95
 79   57   52   51   60   71
 80   71   55   70
 81   49   56   46   66   55
 82   74   77
 83   67   83   83   83
 84   99   98   98   96
 85   62   55
 86   72   88
 87   56   73   54   54   67
 88   65   55   70   48
 89   48   50   58   51
 90   84   88
 91   52   46   55
 92   67   69   58   68
 93   79   76   69   86   79
